Temperature (K)	Field (T)	Angle (°)	Ic/w (A/cm)	Ic (A)	n	V0 (µV)	V1 (µV/A)	Hall field (T)	Hall angle (°)	Set temperature (K)	Set field (T)	Set angle (°)
35.01	0.021	0.00	2209.94	883.97	23.84	-0.15710	0.00049	0.021	-4.62	35.00	0.020	0.00	
35.00	0.020	5.00	2204.09	881.64	22.99	-0.01902	-0.00001	0.021	-0.54	35.00	0.020	5.00	
35.00	0.020	10.00	2202.83	881.13	22.89	-0.02514	0.00006	0.021	4.55	35.00	0.020	10.00	
34.99	0.020	15.00	2198.48	879.39	22.36	-0.00390	0.00000	0.021	9.43	35.00	0.020	15.00	
35.00	0.020	20.00	2199.63	879.85	22.58	-0.04683	0.00003	0.021	14.66	35.00	0.020	20.00	
34.99	0.020	25.00	2197.87	879.15	22.99	-0.04380	0.00007	0.021	19.39	35.00	0.020	25.00	
34.99	0.020	30.00	2198.30	879.32	22.83	0.00814	0.00000	0.021	24.23	35.00	0.020	30.00	
34.99	0.020	35.00	2200.09	880.04	23.10	-0.07380	0.00007	0.020	28.83	35.00	0.020	35.00	
35.00	0.020	40.00	2199.68	879.87	22.79	-0.05822	0.00002	0.020	33.70	35.00	0.020	40.00	
35.00	0.020	45.00	2196.77	878.71	22.72	-0.00748	-0.00003	0.020	38.80	35.00	0.020	45.00	
35.00	0.020	50.00	2198.24	879.30	22.95	-0.06481	-0.00007	0.019	43.83	35.00	0.020	50.00	
35.00	0.020	55.00	2201.42	880.57	22.79	-0.04853	-0.00006	0.019	49.48	35.00	0.020	55.00	
35.00	0.020	60.00	2203.69	881.48	22.68	-0.02485	-0.00012	0.018	54.81	35.00	0.020	60.00	
35.00	0.020	65.00	2204.43	881.77	22.79	-0.02326	-0.00012	0.018	61.07	35.00	0.020	65.00	
35.00	0.020	70.00	2206.12	882.45	23.12	-0.03366	-0.00016	0.018	67.04	35.00	0.020	70.00	
35.00	0.020	75.00	2204.16	881.66	22.95	-0.01585	-0.00022	0.018	72.86	35.00	0.020	75.00	
35.00	0.020	78.00	2205.25	882.10	23.17	-0.00179	-0.00021	0.018	76.96	35.00	0.020	78.00	
35.00	0.020	81.00	2211.58	884.63	23.96	0.01350	-0.00025	0.018	80.68	35.00	0.020	81.00	
35.00	0.020	84.00	2204.88	881.95	22.94	0.00691	-0.00031	0.018	84.55	35.00	0.020	84.00	
35.00	0.020	86.00	2205.21	882.08	22.70	0.00301	-0.00027	0.018	86.76	35.00	0.020	86.00	
35.00	0.020	88.00	2202.10	880.84	22.66	-0.06087	-0.00027	0.019	89.44	35.00	0.020	88.00	
35.00	0.020	90.00	2203.52	881.41	22.92	0.01245	-0.00030	0.018	91.44	35.00	0.020	90.00	
34.99	0.020	92.00	2204.86	881.95	22.57	0.01031	-0.00032	0.018	94.83	35.00	0.020	92.00	
35.00	0.020	94.00	2204.65	881.86	22.84	0.00929	-0.00032	0.018	96.87	35.00	0.020	94.00	
35.00	0.020	96.00	2198.71	879.48	22.40	-0.03601	-0.00037	0.018	98.79	35.00	0.020	96.00	
35.00	0.020	99.00	2204.05	881.62	22.94	-0.00543	-0.00034	0.019	102.43	35.00	0.020	99.00	
35.00	0.020	102.00	2204.07	881.63	23.21	0.04123	-0.00034	0.019	105.62	35.00	0.020	102.00	
35.00	0.020	105.00	2206.44	882.57	23.19	-0.05874	-0.00030	0.018	109.84	35.00	0.020	105.00	
35.00	0.020	110.00	2208.76	883.51	23.58	-0.01066	-0.00030	0.019	113.99	35.00	0.020	110.00	
34.98	0.021	115.00	2204.79	881.92	23.15	-0.00025	-0.00028	0.019	120.15	35.00	0.020	115.00	
35.00	0.020	120.00	2201.39	880.55	23.16	0.03274	-0.00028	0.020	125.12	35.00	0.020	120.00	
35.00	0.020	125.00	2201.50	880.60	23.44	-0.05732	-0.00021	0.020	129.69	35.00	0.020	125.00	
35.01	0.020	130.00	2195.89	878.36	22.70	-0.06365	-0.00018	0.020	136.28	35.00	0.020	130.00	
35.00	0.020	135.00	2196.29	878.51	22.74	-0.00365	-0.00022	0.020	140.66	35.00	0.020	135.00	
35.01	0.020	140.00	2199.75	879.90	22.88	0.03168	-0.00019	0.020	145.54	35.00	0.020	140.00	
35.01	0.020	145.00	2194.02	877.61	22.47	0.02444	-0.00022	0.021	151.04	35.00	0.020	145.00	
35.02	0.020	150.00	2198.23	879.29	23.01	-0.04818	-0.00007	0.021	156.25	35.00	0.020	150.00	
34.99	0.020	155.00	2206.05	882.42	23.56	-0.07372	0.00003	0.021	160.63	35.00	0.020	155.00	
35.00	0.020	160.00	2190.93	876.37	22.97	-0.01996	-0.00006	0.021	165.78	35.00	0.020	160.00	
35.00	0.020	165.00	2197.27	878.91	22.84	-0.05089	-0.00008	0.022	170.10	35.00	0.020	165.00	
35.01	0.020	170.00	2194.05	877.62	22.92	-0.00699	-0.00010	0.022	174.55	35.00	0.020	170.00	
35.00	0.020	175.00	2193.03	877.21	22.77	-0.11472	0.00001	0.022	179.69	35.00	0.020	175.00	
34.99	0.020	180.00	2190.99	876.40	22.27	-0.01178	-0.00015	0.022	184.38	35.00	0.020	180.00	
35.00	0.020	185.00	2196.39	878.56	22.79	-0.07009	-0.00002	0.022	189.34	35.00	0.020	185.00	
35.00	0.020	190.00	2195.44	878.18	22.87	0.00195	-0.00005	0.023	194.20	35.00	0.020	190.00	
35.00	0.020	195.00	2191.47	876.59	22.49	0.03064	-0.00008	0.023	199.02	35.00	0.020	195.00	
35.00	0.020	200.00	2192.10	876.84	22.70	0.02096	-0.00007	0.023	203.71	35.00	0.020	200.00	
34.99	0.020	205.00	2193.50	877.40	22.80	0.00221	-0.00002	0.023	208.57	35.00	0.020	205.00	
34.99	0.020	210.00	2196.18	878.47	22.91	0.01821	-0.00004	0.023	213.18	35.00	0.020	210.00	
34.99	0.020	215.00	2196.29	878.52	22.71	0.03517	-0.00002	0.024	217.93	35.00	0.020	215.00	
34.99	0.020	220.00	2196.78	878.71	22.67	0.01318	-0.00007	0.023	222.58	35.00	0.020	220.00	
35.00	0.020	225.00	2200.45	880.18	22.92	0.01419	-0.00007	0.023	227.05	35.00	0.020	225.00	
35.00	0.020	230.00	2199.53	879.81	22.82	-0.02533	-0.00006	0.024	231.67	35.00	0.020	230.00	
34.99	0.020	235.00	2200.23	880.09	22.80	-0.01893	-0.00005	0.023	236.16	35.00	0.020	235.00	
34.99	0.020	240.00	2200.79	880.32	22.97	-0.00863	-0.00009	0.024	240.78	35.00	0.020	240.00	
