Temperature (K)	Field (T)	Angle (°)	Ic/w (A/cm)	Ic (A)	n	V0 (µV)	V1 (µV/A)	Hall field (T)	Hall angle (°)	Set temperature (K)	Set field (T)	Set angle (°)
64.98	0.200	0.00	553.54	221.41	21.69	-0.02691	0.00071	0.210	-0.02	65.00	0.200	0.00
65.00	0.199	5.00	549.34	219.74	20.62	0.01103	0.00011	0.211	4.94	65.00	0.200	5.00
65.00	0.200	10.00	553.04	221.22	20.61	0.04960	-0.00001	0.211	9.93	65.00	0.200	10.00
65.00	0.200	15.00	554.46	221.78	20.83	0.01032	0.00009	0.210	14.88	65.00	0.200	15.00
65.01	0.200	20.00	555.44	222.18	20.98	0.04129	0.00029	0.211	19.89	65.00	0.200	20.00
65.00	0.200	25.00	555.09	222.04	20.49	-0.00319	0.00071	0.210	24.72	65.00	0.200	25.00
65.00	0.200	30.00	555.36	222.14	20.40	-0.01277	0.00052	0.209	29.55	65.00	0.200	30.00
65.00	0.200	35.00	555.22	222.09	20.33	-0.02316	0.00065	0.208	34.35	65.00	0.200	35.00
65.00	0.200	40.00	555.29	222.12	20.20	-0.02514	0.00075	0.207	39.11	65.00	0.200	40.00
64.99	0.200	45.00	555.33	222.13	20.14	0.00590	0.00048	0.206	43.88	65.00	0.200	45.00
64.98	0.200	50.00	556.13	222.45	20.01	-0.02454	0.00058	0.204	48.69	65.00	0.200	50.00
64.99	0.200	55.00	557.57	223.03	20.10	-0.02195	0.00079	0.203	53.57	65.00	0.200	55.00
65.00	0.200	60.00	558.83	223.53	20.15	-0.01206	0.00078	0.201	58.53	65.00	0.200	60.00
65.01	0.200	65.00	559.42	223.77	19.91	-0.00692	0.00062	0.200	63.54	65.00	0.200	65.00
65.00	0.200	70.00	559.99	224.00	19.83	-0.04461	0.00056	0.199	68.66	65.00	0.200	70.00
65.00	0.200	75.00	560.02	224.01	19.73	0.01549	0.00038	0.199	73.83	65.00	0.200	75.00
64.99	0.200	78.00	560.73	224.29	19.78	0.02840	0.00027	0.199	76.99	65.00	0.200	78.00
65.00	0.200	81.00	561.90	224.76	19.82	0.00662	0.00028	0.199	80.14	65.00	0.200	81.00
65.00	0.200	84.00	562.80	225.12	19.90	0.03459	0.00022	0.200	83.21	65.00	0.200	84.00
64.99	0.200	86.00	563.78	225.51	20.00	-0.03077	0.00032	0.199	85.35	65.00	0.200	86.00
65.00	0.200	88.00	562.64	225.05	19.23	-0.00992	0.00001	0.200	87.41	65.00	0.200	88.00
64.99	0.200	90.00	555.56	222.23	20.56	0.03799	0.00006	0.200	89.49	65.00	0.200	90.00
65.00	0.200	92.00	559.42	223.77	19.08	0.00740	-0.00014	0.200	91.57	65.00	0.200	92.00
65.00	0.200	94.00	558.72	223.49	18.97	-0.03509	0.00001	0.201	93.55	65.00	0.200	94.00
65.00	0.200	96.00	561.06	224.42	19.59	-0.00560	0.00000	0.201	95.68	65.00	0.200	96.00
64.98	0.200	99.00	561.29	224.52	20.10	0.00608	0.00050	0.201	98.61	65.00	0.200	99.00
65.01	0.200	102.00	560.15	224.06	20.05	-0.02156	0.00032	0.202	101.59	65.00	0.200	102.00
64.99	0.200	105.00	557.69	223.07	19.79	-0.04888	0.00045	0.202	104.59	65.00	0.200	105.00
65.00	0.200	110.00	557.49	223.00	19.82	-0.02732	0.00042	0.203	109.47	65.00	0.200	110.00
65.01	0.200	115.00	562.34	224.94	20.10	-0.01401	0.00049	0.203	114.44	65.00	0.200	115.00
65.01	0.200	120.00	562.82	225.13	20.32	-0.03993	0.00056	0.204	119.35	65.00	0.200	120.00
64.98	0.200	125.00	563.83	225.53	20.57	-0.06775	0.00062	0.204	124.24	65.00	0.200	125.00
64.99	0.200	130.00	559.49	223.79	20.34	-0.04249	0.00035	0.203	129.26	65.00	0.200	130.00
64.99	0.200	135.00	561.25	224.50	20.77	-0.08237	0.00071	0.203	134.22	65.00	0.200	135.00
64.99	0.200	140.00	563.80	225.52	20.71	-0.02304	0.00068	0.203	139.24	65.00	0.200	140.00
64.99	0.200	145.00	562.46	224.99	20.46	-0.02448	0.00053	0.203	144.30	65.00	0.200	145.00
65.01	0.200	150.00	563.15	225.26	20.89	0.04274	0.00020	0.203	149.39	65.00	0.200	150.00
65.02	0.200	155.00	561.87	224.75	20.65	0.04532	0.00004	0.203	154.39	65.00	0.200	155.00
65.01	0.200	160.00	560.12	224.05	20.22	0.05267	0.00047	0.202	159.42	65.00	0.200	160.00
64.98	0.200	165.00	559.58	223.83	20.56	0.05234	0.00009	0.202	164.42	65.00	0.200	165.00
65.00	0.200	170.00	548.91	219.56	20.74	0.05538	-0.00009	0.202	169.60	65.00	0.200	170.00
64.98	0.200	175.00	552.28	220.91	20.64	-0.02381	0.00047	0.203	174.65	65.00	0.200	175.00
65.00	0.200	180.00	551.36	220.54	20.41	0.06708	-0.00009	0.203	179.79	65.00	0.200	180.00
64.98	0.200	185.00	550.11	220.04	20.87	0.02004	0.00002	0.203	184.83	65.00	0.200	185.00
65.00	0.200	190.00	546.06	218.42	20.75	-0.02158	0.00039	0.203	189.99	65.00	0.200	190.00
64.99	0.200	195.00	541.96	216.78	20.11	0.02694	0.00001	0.204	195.07	65.00	0.200	195.00
65.02	0.200	200.00	541.86	216.74	20.19	0.04983	0.00031	0.204	200.18	65.00	0.200	200.00
65.00	0.200	205.00	541.70	216.68	20.19	-0.02593	0.00080	0.204	205.20	65.00	0.200	205.00
64.99	0.200	210.00	540.96	216.39	20.19	-0.00061	0.00046	0.205	210.23	65.00	0.200	210.00
65.00	0.200	215.00	543.04	217.22	20.88	-0.02129	0.00070	0.205	215.20	65.00	0.200	215.00
64.99	0.200	220.00	544.43	217.77	20.18	-0.01449	0.00061	0.206	220.02	65.00	0.200	220.00
65.00	0.200	225.00	546.37	218.55	20.31	-0.06968	0.00073	0.206	224.82	65.00	0.200	225.00
65.02	0.200	230.00	552.79	221.12	20.58	-0.02491	0.00090	0.206	229.68	65.00	0.200	230.00
64.99	0.200	235.00	553.62	221.45	19.67	-0.00837	0.00058	0.206	234.50	65.00	0.200	235.00
65.02	0.200	240.00	559.02	223.61	19.98	0.00001	0.00068	0.206	239.36	65.00	0.200	240.00
