Temperature (K)	Field (T)	Angle (°)	Ic/w (A/cm)	Ic (A)	n	V0 (µV)	V1 (µV/A)	Hall field (T)	Hall angle (°)	Set temperature (K)	Set field (T)	Set angle (°)
60.02	0.010	0.00	931.06	372.42	25.24	-0.07971	0.00072	0.009	3.19	60.00	0.010	0.00	
59.98	0.010	5.00	924.42	369.77	23.70	0.05269	-0.00009	0.011	6.39	60.00	0.010	5.00	
59.98	0.010	10.00	924.77	369.91	23.90	0.03636	0.00008	0.010	11.17	60.00	0.010	10.00	
59.98	0.010	15.00	929.07	371.63	24.74	0.05779	0.00004	0.010	16.29	60.00	0.010	15.00	
59.98	0.010	20.00	926.80	370.72	23.57	-0.00324	0.00011	0.010	21.31	60.00	0.010	20.00	
59.98	0.010	25.00	925.06	370.02	23.09	0.04668	0.00009	0.011	26.88	60.00	0.010	25.00	
59.99	0.010	30.00	926.90	370.76	23.55	0.07857	0.00006	0.010	31.52	60.00	0.010	30.00	
59.99	0.010	35.00	927.81	371.12	23.57	0.01974	0.00009	0.010	36.42	60.00	0.010	35.00	
59.98	0.010	40.00	927.80	371.12	23.48	0.04551	0.00006	0.010	41.16	60.00	0.010	40.00	
60.00	0.010	45.00	927.97	371.19	23.57	0.04845	0.00002	0.010	46.01	60.00	0.010	45.00	
60.00	0.010	50.00	928.86	371.54	23.89	0.04475	-0.00004	0.010	50.99	60.00	0.010	50.00	
59.98	0.010	55.00	927.93	371.17	23.43	0.04870	-0.00005	0.010	56.22	60.00	0.010	55.00	
59.98	0.010	60.00	927.78	371.11	23.56	0.03120	-0.00014	0.010	61.31	60.00	0.010	60.00	
59.98	0.010	65.00	928.36	371.34	23.53	0.00576	-0.00019	0.010	66.86	60.00	0.010	65.00	
59.98	0.010	70.00	928.38	371.35	23.50	0.02937	-0.00022	0.010	71.63	60.00	0.010	70.00	
59.98	0.010	75.00	928.00	371.20	23.43	0.04401	-0.00023	0.010	77.18	60.00	0.010	75.00	
59.98	0.010	78.00	928.93	371.57	23.83	0.01357	-0.00022	0.010	80.14	60.00	0.010	78.00	
59.98	0.010	81.00	930.21	372.08	24.05	0.00699	-0.00018	0.011	83.34	60.00	0.010	81.00	
59.99	0.010	84.00	928.46	371.38	23.51	0.03567	-0.00034	0.010	87.76	60.00	0.010	84.00	
59.98	0.010	86.00	929.55	371.82	23.86	0.02764	-0.00018	0.010	89.93	60.00	0.010	86.00	
59.98	0.010	88.00	927.69	371.07	23.36	0.06854	-0.00042	0.010	91.64	60.00	0.010	88.00	
59.98	0.010	90.00	929.26	371.70	23.73	0.02573	-0.00028	0.010	93.37	60.00	0.010	90.00	
59.99	0.010	92.00	929.01	371.61	23.70	0.04766	-0.00033	0.011	95.28	60.00	0.010	92.00	
59.98	0.010	94.00	930.35	372.14	24.06	0.06714	-0.00030	0.011	97.46	60.00	0.010	94.00	
59.99	0.010	96.00	929.62	371.85	23.86	0.00978	-0.00040	0.010	99.74	60.00	0.010	96.00	
59.99	0.010	99.00	928.58	371.43	23.68	-0.00250	-0.00040	0.011	102.58	60.00	0.010	99.00	
59.99	0.010	102.00	930.19	372.08	24.05	0.07118	-0.00024	0.010	106.34	60.00	0.010	102.00	
59.99	0.010	105.00	929.96	371.98	23.97	0.03046	-0.00019	0.011	107.66	60.00	0.010	105.00	
59.99	0.011	110.00	927.81	371.13	23.50	-0.00804	-0.00037	0.011	112.82	60.00	0.010	110.00	
60.00	0.010	115.00	927.66	371.07	23.39	0.03444	-0.00033	0.011	117.54	60.00	0.010	115.00	
60.00	0.010	120.00	928.62	371.45	23.87	0.07051	-0.00025	0.011	121.63	60.00	0.010	120.00	
60.01	0.010	125.00	928.05	371.22	23.77	-0.02623	-0.00021	0.011	127.02	60.00	0.010	125.00	
59.99	0.010	130.00	927.40	370.96	23.37	0.07583	-0.00017	0.011	132.01	60.00	0.010	130.00	
59.99	0.010	135.00	927.01	370.81	23.25	0.05261	-0.00020	0.011	136.60	60.00	0.010	135.00	
60.00	0.010	140.00	925.82	370.33	23.02	0.05923	-0.00012	0.011	140.45	60.00	0.010	140.00	
60.00	0.011	145.00	925.75	370.30	23.06	0.02311	-0.00030	0.011	145.89	60.00	0.010	145.00	
60.00	0.010	150.00	926.93	370.77	23.51	0.04484	-0.00021	0.011	150.69	60.00	0.010	150.00	
60.00	0.010	155.00	926.77	370.71	23.53	0.06419	0.00002	0.011	155.53	60.00	0.010	155.00	
59.99	0.010	160.00	926.25	370.50	23.56	0.02926	-0.00011	0.011	159.79	60.00	0.010	160.00	
59.99	0.010	165.00	926.42	370.57	23.57	0.00507	-0.00004	0.011	165.60	60.00	0.010	165.00	
59.98	0.010	170.00	925.27	370.11	23.23	0.03847	-0.00005	0.011	169.97	60.00	0.010	170.00	
59.98	0.010	175.00	922.77	369.11	22.86	0.08599	-0.00032	0.011	174.41	60.00	0.010	175.00	
59.99	0.010	180.00	926.53	370.61	23.50	-0.00910	0.00001	0.011	178.83	60.00	0.010	180.00	
59.98	0.010	185.00	924.38	369.75	23.06	0.01222	-0.00024	0.011	183.13	60.00	0.010	185.00	
59.99	0.010	190.00	923.86	369.55	23.02	0.08209	-0.00033	0.011	187.87	60.00	0.010	190.00	
59.98	0.009	195.00	926.05	370.42	23.54	0.09554	-0.00006	0.011	192.40	60.00	0.010	195.00	
60.01	0.010	200.00	926.43	370.57	23.59	0.01571	-0.00000	0.011	197.46	60.00	0.010	200.00	
59.99	0.010	205.00	926.66	370.66	23.66	0.05036	-0.00007	0.011	201.85	60.00	0.010	205.00	
59.98	0.010	210.00	924.84	369.94	23.18	0.08122	-0.00012	0.011	206.52	60.00	0.010	210.00	
60.00	0.010	215.00	925.35	370.14	23.29	0.03471	-0.00011	0.011	211.60	60.00	0.010	215.00	
59.98	0.010	220.00	925.40	370.16	23.24	-0.00680	-0.00010	0.011	216.33	60.00	0.010	220.00	
60.01	0.010	225.00	924.85	369.94	23.03	0.07012	-0.00012	0.011	221.29	60.00	0.010	225.00	
59.99	0.010	230.00	925.48	370.19	23.33	0.02806	-0.00002	0.010	225.62	60.00	0.010	230.00	
60.01	0.010	235.00	926.69	370.68	23.39	0.04887	-0.00013	0.011	230.80	60.00	0.010	235.00	
59.99	0.010	240.00	926.80	370.72	23.48	0.03091	-0.00012	0.010	235.96	60.00	0.010	240.00	
