Temperature (K)	Field (T)	Angle (°)	Ic/w (A/cm)	Ic (A)	n	V0 (µV)	V1 (µV/A)	Hall field (T)	Hall angle (°)	Set temperature (K)	Set field (T)	Set angle (°)
75.01	7.000	0.00	6.23	2.49	3.95	0.14837	-0.01657	7.123	-0.10	75.00	7.000	0.00	
75.00	7.000	5.00	6.09	2.44	3.83	0.14942	-0.07141	7.122	4.86	75.00	7.000	5.00	
75.00	7.000	10.00	6.22	2.49	3.88	0.23872	-0.06608	7.122	9.77	75.00	7.000	10.00	
75.00	7.000	15.00	6.40	2.56	3.92	0.22428	-0.05645	7.119	14.68	75.00	7.000	15.00	
75.00	7.000	20.00	6.72	2.69	4.05	0.15136	-0.02627	7.113	19.59	75.00	7.000	20.00	
75.00	7.000	25.00	7.06	2.83	4.03	0.29843	-0.05065	7.107	24.51	75.00	7.000	25.00	
75.01	7.000	30.00	7.75	3.10	4.27	0.27414	-0.00805	7.098	29.44	75.00	7.000	30.00	
75.00	7.000	35.00	8.54	3.42	4.42	0.16590	-0.00349	7.090	34.36	75.00	7.000	35.00	
74.99	7.000	40.00	9.53	3.81	4.63	0.20715	-0.00394	7.079	39.27	75.00	7.000	40.00	
74.99	7.000	45.00	10.70	4.28	4.83	0.23410	-0.00320	7.067	44.21	75.00	7.000	45.00	
75.00	7.000	50.00	12.03	4.81	5.05	0.24443	-0.00419	7.053	49.15	75.00	7.000	50.00	
75.01	7.000	55.00	13.69	5.47	5.39	0.15455	0.00357	7.040	54.12	75.00	7.000	55.00	
75.01	7.000	60.00	15.47	6.19	5.66	0.15660	-0.00045	7.028	59.12	75.00	7.000	60.00	
75.01	7.000	65.00	17.65	7.06	6.10	0.10039	0.00107	7.018	64.15	75.00	7.000	65.00	
75.01	7.000	70.00	19.81	7.92	6.35	0.15677	-0.00685	7.008	69.20	75.00	7.000	70.00	
75.00	7.000	75.00	22.47	8.99	7.05	0.06387	-0.00088	6.998	74.27	75.00	7.000	75.00	
75.00	7.000	78.00	23.93	9.57	7.39	0.09610	-0.00746	6.992	77.31	75.00	7.000	78.00	
75.00	7.000	81.00	25.32	10.13	7.83	0.06141	-0.00643	6.988	80.37	75.00	7.000	81.00	
75.00	7.000	84.00	26.67	10.67	8.45	0.08143	-0.00700	6.984	83.44	75.00	7.000	84.00	
75.00	7.000	86.00	27.69	11.08	9.08	0.04157	-0.00161	6.982	85.49	75.00	7.000	86.00	
75.00	7.000	88.00	28.90	11.56	9.27	0.04379	-0.00805	6.980	87.55	75.00	7.000	88.00	
75.00	7.000	90.00	31.01	12.40	9.65	0.07124	-0.00754	6.978	89.61	75.00	7.000	90.00	
75.00	7.000	92.00	29.64	11.86	9.51	-0.04029	-0.00457	6.977	91.69	75.00	7.000	92.00	
75.00	7.000	94.00	28.05	11.22	9.23	0.05358	-0.00692	6.976	93.77	75.00	7.000	94.00	
75.00	7.000	96.00	27.02	10.81	8.63	0.05744	-0.01163	6.976	95.82	75.00	7.000	96.00	
75.00	7.000	99.00	25.85	10.34	8.13	0.04373	-0.01148	6.974	98.84	75.00	7.000	99.00	
75.00	7.000	102.00	24.49	9.80	7.65	0.03952	-0.00984	6.972	101.80	75.00	7.000	102.00	
75.00	7.000	105.00	22.92	9.17	7.12	0.01734	-0.01347	6.967	104.73	75.00	7.000	105.00	
75.00	7.000	110.00	20.49	8.20	6.56	0.00536	-0.01756	6.953	109.58	75.00	7.000	110.00	
75.00	7.000	115.00	18.07	7.23	6.00	0.07621	-0.02611	6.935	114.45	75.00	7.000	115.00	
75.00	7.000	120.00	16.02	6.41	5.69	0.06560	-0.03111	6.914	119.34	75.00	7.000	120.00	
75.00	7.000	125.00	14.16	5.66	5.35	0.07276	-0.03227	6.894	124.25	75.00	7.000	125.00	
75.00	7.000	130.00	12.75	5.10	5.24	-0.00920	-0.01240	6.875	129.20	75.00	7.000	130.00	
75.01	7.000	135.00	11.20	4.48	4.83	0.05980	-0.04391	6.855	134.18	75.00	7.000	135.00	
75.00	7.000	140.00	10.02	4.01	4.65	0.05866	-0.03752	6.838	139.19	75.00	7.000	140.00	
75.00	7.000	145.00	8.92	3.57	4.38	0.12773	-0.05957	6.821	144.21	75.00	7.000	145.00	
75.00	7.000	150.00	8.27	3.31	4.38	0.14535	-0.03959	6.807	149.21	75.00	7.000	150.00	
75.00	7.000	155.00	7.74	3.10	4.32	0.12409	0.02656	6.795	154.16	75.00	7.000	155.00	
74.99	7.000	160.00	7.11	2.84	4.04	0.12111	-0.05928	6.785	159.13	75.00	7.000	160.00	
75.00	7.000	165.00	6.78	2.71	4.01	0.14617	-0.06163	6.776	164.09	75.00	7.000	165.00	
75.00	7.000	170.00	6.67	2.67	4.04	-0.09036	0.06828	6.768	169.08	75.00	7.000	170.00	
75.00	7.000	175.00	6.39	2.55	3.89	0.16878	-0.02490	6.760	174.20	75.00	7.000	175.00	
75.00	7.001	180.00	6.29	2.52	3.86	0.17212	-0.05723	6.754	179.47	75.00	7.000	180.00	
75.00	7.000	185.00	6.36	2.55	3.93	-0.04620	0.01392	6.752	184.65	75.00	7.000	185.00	
75.00	7.000	190.00	6.53	2.61	4.13	0.26259	-0.04825	6.754	189.78	75.00	7.000	190.00	
75.00	7.000	195.00	6.98	2.79	4.60	-0.05179	0.10000	6.758	194.94	75.00	7.000	195.00	
75.00	7.000	200.00	6.71	2.68	3.95	0.12581	-0.05096	6.765	200.09	75.00	7.000	200.00	
75.00	7.000	205.00	6.91	2.76	3.88	0.13578	-0.10000	6.775	205.24	75.00	7.000	205.00	
75.00	7.000	210.00	7.49	3.00	4.01	0.28775	-0.09266	6.787	210.35	75.00	7.000	210.00	
75.00	7.000	215.00	8.53	3.41	4.37	0.15722	-0.00983	6.802	215.44	75.00	7.000	215.00	
75.00	7.000	220.00	9.64	3.86	4.70	0.06461	0.02531	6.818	220.42	75.00	7.000	220.00	
75.00	7.000	225.00	10.81	4.32	4.94	0.07075	0.02925	6.837	225.40	75.00	7.000	225.00	
75.00	7.000	230.00	12.37	4.95	5.44	0.02982	0.03093	6.855	230.39	75.00	7.000	230.00	
75.00	7.000	235.00	13.65	5.46	5.49	0.11324	-0.01889	6.874	235.35	75.00	7.000	235.00	
75.00	7.000	240.00	15.05	6.02	5.46	0.29571	-0.05389	6.894	240.29	75.00	7.000	240.00	
