Temperature (K)	Field (T)	Angle (°)	Ic/w (A/cm)	Ic (A)	n	V0 (µV)	V1 (µV/A)	Hall field (T)	Hall angle (°)	Set temperature (K)	Set field (T)	Set angle (°)
55.00	0.000	0.00	1115.06	446.03	22.16	0.04984	0.00000	0.001	-47.17	55.00	0.000	0.00	
55.01	0.000	5.00	1116.67	446.67	22.23	0.07866	-0.00004	0.002	-25.41	55.00	0.000	5.00	
55.01	-0.000	10.00	1115.86	446.34	22.25	-0.03214	0.00010	0.001	-55.07	55.00	0.000	10.00	
55.01	-0.000	15.00	1117.96	447.18	22.64	0.03699	0.00008	0.001	-28.61	55.00	0.000	15.00	
55.00	-0.000	20.00	1114.86	445.94	22.00	0.01817	-0.00001	0.001	-55.08	55.00	0.000	20.00	
55.00	-0.000	25.00	1117.68	447.07	22.42	-0.03311	0.00014	0.001	-34.32	55.00	0.000	25.00	
55.01	0.000	30.00	1117.46	446.98	22.29	0.05083	0.00005	0.002	-15.91	55.00	0.000	30.00	
55.00	-0.000	35.00	1115.84	446.33	21.96	0.01781	0.00004	0.001	-26.51	55.00	0.000	35.00	
55.00	0.000	40.00	1118.07	447.23	22.37	-0.01118	0.00011	0.001	-29.67	55.00	0.000	40.00	
55.00	0.000	45.00	1117.78	447.11	22.41	0.04682	-0.00001	0.001	-27.29	55.00	0.000	45.00	
55.00	0.000	50.00	1118.03	447.21	22.40	0.02025	-0.00001	0.001	-32.55	55.00	0.000	50.00	
55.00	-0.000	55.00	1117.75	447.10	22.31	0.02592	-0.00004	0.001	-9.29	55.00	0.000	55.00	
55.00	0.000	60.00	1118.44	447.38	22.45	0.04041	-0.00008	0.001	-11.31	55.00	0.000	60.00	
55.00	0.000	65.00	1117.80	447.12	22.33	0.04308	-0.00013	0.001	-24.03	55.00	0.000	65.00	
55.00	-0.000	70.00	1118.01	447.20	22.20	-0.01511	-0.00016	-0.001	139.75	55.00	0.000	70.00	
55.00	-0.000	75.00	1119.05	447.62	22.44	0.00993	-0.00020	0.001	2.60	55.00	0.000	75.00	
55.00	0.000	78.00	1118.77	447.51	22.33	0.02236	-0.00021	0.001	-0.66	55.00	0.000	78.00	
55.00	0.000	81.00	1118.67	447.47	22.36	0.04242	-0.00020	-0.001	136.68	55.00	0.000	81.00	
55.00	-0.000	84.00	1119.23	447.69	22.40	0.02921	-0.00022	-0.001	119.56	55.00	0.000	84.00	
55.00	-0.000	86.00	1119.15	447.66	22.50	0.02895	-0.00028	-0.000	169.48	55.00	0.000	86.00	
55.00	-0.000	88.00	1120.52	448.21	22.73	0.05268	-0.00024	0.000	3.48	55.00	0.000	88.00	
55.00	0.000	90.00	1118.61	447.44	22.37	0.03214	-0.00027	-0.000	149.67	55.00	0.000	90.00	
55.00	-0.000	92.00	1119.70	447.88	22.53	0.01109	-0.00026	-0.000	168.73	55.00	0.000	92.00	
55.00	-0.000	94.00	1119.68	447.87	22.52	-0.01411	-0.00026	0.000	31.82	55.00	0.000	94.00	
55.01	-0.000	96.00	1119.73	447.89	22.51	-0.00697	-0.00025	-0.000	179.57	55.00	0.000	96.00	
55.00	0.000	99.00	1118.85	447.54	22.44	0.00852	-0.00030	0.000	38.25	55.00	0.000	99.00	
55.00	0.000	102.00	1118.09	447.23	22.26	0.02787	-0.00030	-0.000	120.08	55.00	0.000	102.00	
55.01	0.000	105.00	1120.64	448.26	22.84	-0.03312	-0.00021	0.000	83.55	55.00	0.000	105.00	
55.00	0.000	110.00	1118.51	447.40	22.33	0.03999	-0.00036	-0.000	59.03	55.00	0.000	110.00	
55.00	0.000	115.00	1117.43	446.97	22.12	0.03585	-0.00028	0.000	81.55	55.00	0.000	115.00	
55.00	-0.000	120.00	1117.97	447.19	22.29	-0.03478	-0.00024	0.000	91.56	55.00	0.000	120.00	
55.00	0.000	125.00	1121.52	448.61	22.24	-0.01130	-0.00014	0.000	183.31	55.00	0.000	125.00	
54.99	0.000	130.00	1121.00	448.40	22.31	-0.00537	-0.00013	-0.000	49.48	55.00	0.000	130.00	
54.99	0.000	135.00	1122.46	448.98	22.61	0.02132	-0.00008	-0.000	47.34	55.00	0.000	135.00	
54.99	-0.000	140.00	1120.82	448.33	22.44	-0.03640	-0.00011	0.000	216.28	55.00	0.000	140.00	
54.99	0.000	145.00	1118.67	447.47	22.10	0.06979	-0.00027	0.000	213.80	55.00	0.000	145.00	
54.99	0.000	150.00	1118.64	447.46	22.39	0.08603	-0.00017	0.001	227.99	55.00	0.000	150.00	
55.01	0.000	155.00	1119.60	447.84	22.66	-0.05548	0.00009	0.001	228.16	55.00	0.000	155.00	
55.00	-0.000	160.00	1115.95	446.38	22.02	0.04613	-0.00008	0.001	243.54	55.00	0.000	160.00	
55.00	0.000	165.00	1118.11	447.24	22.34	0.00550	0.00001	0.001	249.01	55.00	0.000	165.00	
55.00	-0.000	170.00	1120.14	448.06	22.90	-0.00968	0.00009	0.001	254.55	55.00	0.000	170.00	
55.00	-0.000	175.00	1117.49	447.00	22.28	0.08288	-0.00012	0.001	259.32	55.00	0.000	175.00	
55.00	-0.000	180.00	1118.21	447.28	22.49	0.05165	-0.00005	0.001	247.27	55.00	0.000	180.00	
55.00	-0.000	185.00	1118.89	447.56	22.77	0.01620	0.00008	0.001	233.27	55.00	0.000	185.00	
55.00	-0.000	190.00	1116.47	446.59	22.17	0.04020	-0.00003	0.001	251.22	55.00	0.000	190.00	
55.00	-0.000	195.00	1118.32	447.33	22.58	0.02987	0.00000	0.001	259.18	55.00	0.000	195.00	
55.01	-0.000	200.00	1116.46	446.58	22.30	0.03667	-0.00008	0.001	250.31	55.00	0.000	200.00	
55.00	-0.000	205.00	1117.35	446.94	22.41	0.00649	-0.00002	0.001	252.85	55.00	0.000	205.00	
55.00	-0.000	210.00	1118.15	447.26	22.47	0.01915	0.00005	0.001	257.34	55.00	0.000	210.00	
55.00	0.000	215.00	1117.89	447.16	22.36	0.04231	-0.00006	0.001	262.50	55.00	0.000	215.00	
55.01	0.000	220.00	1118.89	447.56	22.57	0.02868	-0.00002	0.001	259.80	55.00	0.000	220.00	
55.01	0.000	225.00	1118.06	447.22	22.28	0.05305	-0.00003	0.001	271.20	55.00	0.000	225.00	
55.00	0.000	230.00	1118.64	447.46	22.38	0.01832	-0.00004	0.001	269.65	55.00	0.000	230.00	
55.00	-0.000	235.00	1119.47	447.79	22.52	0.03620	-0.00002	0.001	276.09	55.00	0.000	235.00	
55.00	-0.000	240.00	1118.47	447.39	22.39	0.04245	-0.00008	0.002	275.08	55.00	0.000	240.00	
