Temperature (K)	Field (T)	Angle (°)	Ic/w (A/cm)	Ic (A)	n	V0 (µV)	V1 (µV/A)	Hall field (T)	Hall angle (°)	Set temperature (K)	Set field (T)	Set angle (°)
60.00	0.150	0.00	755.75	302.30	22.58	-0.02255	0.00073	0.156	0.13	60.00	0.150	0.00	
59.99	0.150	5.00	750.99	300.39	20.90	0.03094	0.00001	0.157	4.90	60.00	0.150	5.00	
60.00	0.150	10.00	752.91	301.16	20.73	0.02389	-0.00007	0.157	9.93	60.00	0.150	10.00	
60.01	0.150	15.00	756.61	302.64	21.25	0.02768	0.00003	0.157	14.94	60.00	0.150	15.00	
59.99	0.150	20.00	759.70	303.88	21.56	-0.00788	0.00025	0.157	19.90	60.00	0.150	20.00	
59.99	0.150	25.00	763.52	305.41	21.67	-0.00067	0.00040	0.157	24.76	60.00	0.150	25.00	
60.01	0.150	30.00	764.05	305.62	21.31	0.00411	0.00030	0.156	29.62	60.00	0.150	30.00	
59.99	0.150	35.00	766.73	306.69	21.06	0.00541	0.00027	0.155	34.42	60.00	0.150	35.00	
60.00	0.150	40.00	767.50	307.00	20.94	0.00564	0.00031	0.154	39.21	60.00	0.150	40.00	
60.00	0.150	45.00	769.63	307.85	20.89	-0.03241	0.00035	0.154	43.99	60.00	0.150	45.00	
59.98	0.150	50.00	771.67	308.67	20.88	-0.02472	0.00032	0.152	48.78	60.00	0.150	50.00	
60.00	0.150	55.00	773.57	309.43	20.79	0.00460	0.00033	0.152	53.64	60.00	0.150	55.00	
59.99	0.150	60.00	775.74	310.30	20.72	-0.03824	0.00028	0.151	58.57	60.00	0.150	60.00	
60.00	0.150	65.00	777.04	310.82	20.61	-0.02539	0.00030	0.150	63.62	60.00	0.150	65.00	
60.00	0.150	70.00	777.66	311.07	20.50	-0.02055	0.00035	0.149	68.73	60.00	0.150	70.00	
60.00	0.150	75.00	775.84	310.33	19.41	-0.02091	0.00013	0.148	73.86	60.00	0.150	75.00	
60.01	0.150	78.00	774.69	309.87	19.18	0.02679	-0.00007	0.148	77.16	60.00	0.150	78.00	
60.01	0.150	81.00	772.31	308.92	18.63	0.05474	-0.00025	0.148	80.31	60.00	0.150	81.00	
60.00	0.151	84.00	775.15	310.06	18.99	0.02043	-0.00008	0.149	83.42	60.00	0.150	84.00	
60.00	0.150	86.00	772.41	308.97	18.54	0.01456	-0.00032	0.148	85.57	60.00	0.150	86.00	
60.01	0.150	88.00	773.64	309.46	18.76	0.00471	-0.00026	0.149	87.57	60.00	0.150	88.00	
60.01	0.150	90.00	773.39	309.36	18.75	0.01477	-0.00020	0.149	89.64	60.00	0.150	90.00	
59.99	0.150	92.00	773.11	309.24	18.47	0.00248	-0.00020	0.149	91.67	60.00	0.150	92.00	
60.00	0.150	94.00	772.57	309.03	18.60	0.04950	-0.00037	0.150	93.70	60.00	0.150	94.00	
60.01	0.150	96.00	775.22	310.09	18.91	0.01573	-0.00020	0.150	95.70	60.00	0.150	96.00	
60.00	0.150	99.00	772.99	309.20	18.67	0.04685	-0.00040	0.150	98.73	60.00	0.150	99.00	
60.00	0.150	102.00	774.76	309.90	18.83	0.05757	-0.00024	0.151	101.63	60.00	0.150	102.00	
60.00	0.150	105.00	776.50	310.60	19.15	0.00782	-0.00011	0.152	104.63	60.00	0.150	105.00	
60.01	0.150	110.00	777.63	311.05	19.53	-0.04465	0.00017	0.151	109.50	60.00	0.150	110.00	
60.00	0.150	115.00	778.72	311.49	19.82	-0.05842	0.00009	0.152	114.43	60.00	0.150	115.00	
59.99	0.150	120.00	779.08	311.63	20.23	-0.02285	0.00025	0.152	119.37	60.00	0.150	120.00	
59.99	0.150	125.00	778.58	311.43	20.87	0.03740	0.00013	0.152	124.29	60.00	0.150	125.00	
60.00	0.150	130.00	778.14	311.26	21.02	0.05431	0.00003	0.153	129.19	60.00	0.150	130.00	
60.00	0.150	135.00	778.42	311.37	21.49	-0.00086	0.00011	0.153	134.15	60.00	0.150	135.00	
60.00	0.150	140.00	776.65	310.66	21.38	-0.00687	0.00012	0.152	139.24	60.00	0.150	140.00	
59.99	0.150	145.00	772.39	308.96	20.86	0.00762	-0.00001	0.152	144.21	60.00	0.150	145.00	
60.01	0.150	150.00	773.00	309.20	21.51	0.01633	0.00009	0.152	149.20	60.00	0.150	150.00	
60.01	0.150	155.00	769.70	307.88	21.48	0.01581	0.00010	0.152	154.19	60.00	0.150	155.00	
60.00	0.150	160.00	767.90	307.16	21.87	0.03361	0.00003	0.152	159.09	60.00	0.150	160.00	
60.00	0.150	165.00	765.50	306.20	21.75	-0.00230	-0.00002	0.152	164.09	60.00	0.150	165.00	
60.00	0.150	170.00	761.30	304.52	21.36	0.05635	-0.00027	0.153	169.18	60.00	0.150	170.00	
59.99	0.150	175.00	758.45	303.38	21.35	0.02373	0.00001	0.153	174.21	60.00	0.150	175.00	
59.99	0.150	180.00	754.25	301.70	20.95	0.07255	-0.00009	0.153	179.28	60.00	0.150	180.00	
59.98	0.150	185.00	751.95	300.78	20.74	0.02997	-0.00006	0.153	184.31	60.00	0.150	185.00	
60.00	0.150	190.00	749.44	299.78	20.68	0.03935	-0.00012	0.153	189.37	60.00	0.150	190.00	
60.00	0.150	195.00	748.48	299.39	20.91	0.04212	-0.00003	0.153	194.47	60.00	0.150	195.00	
60.00	0.150	200.00	748.15	299.26	20.94	0.03246	0.00008	0.154	199.48	60.00	0.150	200.00	
60.00	0.149	205.00	749.46	299.78	21.28	-0.02002	0.00022	0.154	204.53	60.00	0.150	205.00	
59.99	0.150	210.00	748.84	299.54	21.02	0.04719	0.00027	0.154	209.53	60.00	0.150	210.00	
59.98	0.150	215.00	746.93	298.77	20.03	-0.02370	0.00026	0.155	214.49	60.00	0.150	215.00	
59.99	0.150	220.00	749.33	299.73	20.01	-0.02467	0.00036	0.155	219.28	60.00	0.150	220.00	
60.00	0.150	225.00	752.53	301.01	19.99	-0.00983	0.00034	0.154	224.07	60.00	0.150	225.00	
59.99	0.150	230.00	757.47	302.99	20.11	-0.01521	0.00041	0.155	228.90	60.00	0.150	230.00	
59.99	0.150	235.00	761.26	304.51	19.39	-0.02006	0.00035	0.154	233.78	60.00	0.150	235.00	
59.98	0.150	240.00	770.67	308.27	19.93	-0.06564	0.00051	0.154	238.57	60.00	0.150	240.00	
