Temperature (K)	Field (T)	Angle (°)	Ic/w (A/cm)	Ic (A)	n	V0 (µV)	V1 (µV/A)	Hall field (T)	Hall angle (°)	Set temperature (K)	Set field (T)	Set angle (°)
70.01	0.020	0.00	584.69	233.88	27.32	0.03242	0.00087	0.020	1.93	70.00	0.020	0.00	
70.00	0.020	5.00	581.72	232.69	25.87	-0.01055	0.00002	0.021	5.70	70.00	0.020	5.00	
70.00	0.020	10.00	583.07	233.23	26.28	-0.00798	0.00008	0.021	10.92	70.00	0.020	10.00	
70.01	0.020	15.00	584.39	233.75	26.79	0.01775	0.00005	0.021	15.64	70.00	0.020	15.00	
70.01	0.020	20.00	585.18	234.07	26.59	0.00644	0.00017	0.021	20.86	70.00	0.020	20.00	
70.01	0.020	25.00	587.52	235.01	26.91	0.03226	0.00027	0.021	25.99	70.00	0.020	25.00	
70.00	0.020	30.00	589.15	235.66	27.54	0.03547	0.00016	0.021	30.79	70.00	0.020	30.00	
70.00	0.020	35.00	590.00	236.00	27.25	0.02742	0.00017	0.021	35.55	70.00	0.020	35.00	
70.00	0.020	40.00	592.14	236.85	28.15	0.01916	0.00027	0.021	40.15	70.00	0.020	40.00	
69.99	0.020	45.00	593.25	237.30	27.78	-0.02420	0.00015	0.021	45.17	70.00	0.020	45.00	
70.00	0.020	50.00	593.42	237.37	27.21	0.05329	0.00010	0.021	49.85	70.00	0.020	50.00	
70.00	0.020	55.00	595.56	238.23	27.89	0.03054	0.00008	0.020	54.70	70.00	0.020	55.00	
70.01	0.020	60.00	596.94	238.78	27.84	0.04227	0.00004	0.021	59.60	70.00	0.020	60.00	
70.00	0.020	65.00	597.61	239.04	27.77	0.05102	-0.00004	0.021	64.48	70.00	0.020	65.00	
70.00	0.020	70.00	599.12	239.65	28.11	0.01653	-0.00003	0.020	69.71	70.00	0.020	70.00	
70.00	0.020	75.00	599.29	239.71	27.86	0.04369	-0.00013	0.020	75.04	70.00	0.020	75.00	
70.01	0.020	78.00	599.78	239.91	27.82	0.02284	0.00001	0.021	77.94	70.00	0.020	78.00	
70.00	0.020	81.00	600.53	240.21	28.40	0.02540	-0.00011	0.020	81.28	70.00	0.020	81.00	
70.01	0.020	84.00	600.65	240.26	28.16	0.02082	-0.00014	0.020	84.47	70.00	0.020	84.00	
70.00	0.020	86.00	601.05	240.42	28.28	0.02694	0.00010	0.020	86.90	70.00	0.020	86.00	
70.00	0.020	88.00	600.59	240.24	27.99	-0.00162	-0.00016	0.020	88.67	70.00	0.020	88.00	
70.00	0.020	90.00	601.47	240.59	28.54	0.00948	-0.00004	0.020	90.92	70.00	0.020	90.00	
70.00	0.020	92.00	601.21	240.48	28.44	-0.02316	-0.00004	0.021	92.80	70.00	0.020	92.00	
69.99	0.020	94.00	600.17	240.07	28.06	0.00544	-0.00031	0.021	95.03	70.00	0.020	94.00	
70.00	0.020	96.00	600.46	240.19	28.28	0.05941	-0.00045	0.020	97.07	70.00	0.020	96.00	
70.00	0.020	99.00	600.41	240.17	28.48	-0.01794	-0.00010	0.021	99.22	70.00	0.020	99.00	
69.99	0.020	102.00	599.43	239.77	28.04	0.06997	-0.00010	0.021	102.59	70.00	0.020	102.00	
70.00	0.020	105.00	599.28	239.71	27.95	0.00445	-0.00026	0.021	105.27	70.00	0.020	105.00	
70.01	0.020	110.00	598.65	239.46	27.79	0.04681	-0.00003	0.021	109.97	70.00	0.020	110.00	
70.01	0.020	115.00	598.21	239.29	28.20	0.02674	-0.00010	0.021	115.36	70.00	0.020	115.00	
70.00	0.020	120.00	594.82	237.93	26.68	0.11036	-0.00033	0.021	120.33	70.00	0.020	120.00	
70.00	0.020	125.00	595.19	238.08	27.29	0.03518	-0.00003	0.021	125.06	70.00	0.020	125.00	
70.00	0.020	130.00	594.36	237.74	27.59	0.06010	0.00017	0.021	129.72	70.00	0.020	130.00	
69.99	0.020	135.00	592.95	237.18	27.16	0.00990	-0.00016	0.021	134.45	70.00	0.020	135.00	
70.00	0.020	140.00	591.06	236.42	27.28	-0.00443	-0.00007	0.021	139.39	70.00	0.020	140.00	
69.99	0.020	145.00	590.00	236.00	26.83	0.01489	-0.00009	0.021	144.58	70.00	0.020	145.00	
70.01	0.020	150.00	588.95	235.58	26.76	-0.05723	0.00018	0.021	149.53	70.00	0.020	150.00	
70.00	0.020	155.00	587.70	235.08	26.92	0.06197	-0.00002	0.021	154.34	70.00	0.020	155.00	
70.00	0.020	160.00	587.37	234.95	27.06	0.03229	0.00002	0.021	159.48	70.00	0.020	160.00	
70.00	0.020	165.00	585.85	234.34	26.50	0.00125	-0.00003	0.021	164.27	70.00	0.020	165.00	
70.00	0.020	170.00	583.66	233.46	26.04	0.04875	-0.00028	0.021	168.68	70.00	0.020	170.00	
70.00	0.020	175.00	583.36	233.34	26.16	0.10678	-0.00022	0.021	173.56	70.00	0.020	175.00	
69.99	0.020	180.00	583.43	233.37	26.34	-0.02471	0.00016	0.021	178.43	70.00	0.020	180.00	
70.00	0.020	185.00	583.40	233.36	26.42	0.04053	0.00000	0.021	182.75	70.00	0.020	185.00	
70.00	0.020	190.00	582.88	233.15	26.03	0.02358	0.00000	0.021	188.14	70.00	0.020	190.00	
70.00	0.019	195.00	582.56	233.02	26.07	-0.02754	0.00016	0.021	193.03	70.00	0.020	195.00	
70.00	0.020	200.00	582.26	232.90	26.04	-0.00196	-0.00002	0.021	197.68	70.00	0.020	200.00	
70.00	0.020	205.00	582.73	233.09	26.28	0.03533	0.00009	0.021	202.88	70.00	0.020	205.00	
70.00	0.020	210.00	582.76	233.11	26.34	-0.00071	0.00006	0.021	208.01	70.00	0.020	210.00	
70.00	0.020	215.00	583.20	233.28	26.26	-0.00663	0.00006	0.021	212.81	70.00	0.020	215.00	
69.99	0.020	220.00	583.58	233.43	26.04	0.01002	0.00003	0.021	217.86	70.00	0.020	220.00	
70.00	0.020	225.00	584.95	233.98	26.66	0.05168	0.00009	0.021	222.75	70.00	0.020	225.00	
70.00	0.020	230.00	585.84	234.34	26.80	0.02321	0.00004	0.021	227.18	70.00	0.020	230.00	
69.99	0.020	235.00	587.24	234.90	27.49	0.02512	0.00023	0.021	232.18	70.00	0.020	235.00	
70.00	0.020	240.00	586.65	234.66	26.36	0.01446	0.00004	0.020	236.99	70.00	0.020	240.00	
